obj 50
0.57794 -0.10313 -0.21108 0.69768 0.42942 0.42677 -0.24195 0.5051 0.32471 -0.26462 0.17888 0.11216 0.25083 0.17 0.35155 0.20118 -0.041134 -0.21896 0.35902 -0.44612 0.55109 0.49354 0.53987 0.61569 -0.39821 -0.078252 0.40619 0.55731 -0.56052 -0.3957 0.53967 -0.32851 -0.30259 0.34158 -0.6689 0.03088 -0.48443 -0.26364 0.077187 -0.0997 0.77383 -0.41095 -0.25902 -0.28753 -0.23351 -0.15657 0.34717 -0.43997 -0.057606 0.16749 -0.10313 0.28929 0.75439 -0.8669 -0.084464 -0.16218 0.20318 -0.035245 0.19569 0.6636 0.21597 -0.14243 -0.14752 -0.64553 -0.11922 0.27684 0.18277 -0.084491 -0.7022 -0.27776 -0.38059 -0.32132 -0.41011 0.50363 -0.06819 0.71768 0.034803 0.095198 -0.041895 0.08927 0.27999 -0.70977 -0.52614 0.48832 0.091952 0.051863 0.076359 -0.058627 -0.12246 -0.067305 -0.29614 -0.0025991 -0.00057304 0.19744 0.61236 -0.40636 -0.29851 0.32825 -0.7012 0.3688 -0.21108 0.75439 -0.57389 -0.71484 0.58307 0.038342 0.050265 0.31055 -0.74918 -0.33265 0.2488 -0.485 -0.68419 -0.38654 -0.61574 0.3716 -0.29719 -0.65642 -0.27166 0.38875 0.5108 -0.020655 -0.70989 -0.12163 -0.18551 0.68843 0.065566 -0.25426 -0.15228 -0.23979 0.45239 0.038711 -0.18797 -0.13814 -0.521 0.075466 0.38595 -0.80472 0.46983 0.36724 -0.061135 -0.025459 -0.31575 -0.6015 -0.0073154 -0.10661 0.12658 0.83024 -0.047861 -0.60428 0.69768 -0.8669 -0.71484 -0.49829 0.75152 0.45555 -0.52565 0.15332 -0.011448 0.67461 0.35668 0.28234 0.63731 0.033889 -0.15023 -0.36939 0.051522 0.56749 0.15263 0.416 0.49286 0.33471 -0.66917 -0.18516 -0.16187 0.34947 -0.17607 -0.14259 -0.68269 0.077167 0.10535 0.77353 0.53844 -0.31086 -0.28096 -0.20328 -0.14584 0.051869 0.67788 -0.16319 0.8232 -0.55802 0.32727 -0.24187 0.010527 0.28259 -0.42329 0.50749 -0.11827 0.49299 0.42942 -0.084464 0.58307 0.75152 0.51892 -0.81768 -0.60758 -0.22469 0.15784 0.11277 -0.20706 0.42988 0.13079 -0.59545 0.12921 0.076228 0.21117 0.081879 -0.58046 -0.19481 0.19232 -0.23811 0.065866 -0.11557 -0.20701 -0.11695 0.18312 -0.21852 0.025321 0.25653 0.31523 -0.66849 0.31892 0.15157 -0.69212 0.076475 0.18657 -0.67671 -0.24948 -0.058644 -0.54714 -0.2488 -0.41536 -0.44741 -0.63016 -0.36971 -0.13968 -0.022233 -0.34458 -0.39383 0.42677 -0.16218 0.038342 0.45555 -0.81768 0.33874 0.57614 -0.72311 -0.27738 -0.23288 0.23553 0.24597 0.60206 0.016612 -0.017128 -0.099712 0.1035 0.29241 -0.21117 0.14511 0.019139 0.52095 0.47219 0.040063 -0.28905 -0.53458 -0.0055348 0.47475 0.33617 -0.95158 -0.56543 0.086071 -0.67785 0.20178 0.28336 0.14892 -0.52618 0.0020506 -0.071846 0.21727 0.02512 -0.29883 0.051798 0.0072924 0.087745 -0.6156 -0.70351 0.3728 -0.19495 0.18672 -0.24195 0.20318 0.050265 -0.52565 -0.60758 0.57614 0.5336 0.14681 0.71889 0.61492 -0.1132 0.37695 0.86946 0.3804 0.6367 -0.03904 0.72685 -0.24209 0.036723 0.05682 0.68972 0.033357 0.32226 0.67237 0.13022 -0.2119 -0.5371 0.11803 0.12758 -0.031564 0.29289 0.036344 0.39748 0.17083 -0.0097834 0.23324 -0.010171 -0.13899 0.028058 -0.19773 0.33348 0.47165 -0.62155 0.027925 0.77959 0.64569 0.37643 -0.34785 -0.086575 0.040451 0.5051 -0.035245 0.31055 0.15332 -0.22469 -0.72311 0.14681 -0.80432 0.64086 0.0083216 0.63831 0.55861 -0.67919 -0.39406 0.093193 0.76364 0.069141 -0.012848 -0.77384 0.26687 0.49167 -0.1079 -0.20587 -0.21348 0.030236 -0.13571 -0.1136 -0.28723 -0.075147 0.51228 0.35147 -0.12169 -0.57276 0.014647 0.46992 0.57869 0.41676 0.2831 0.41417 0.25849 0.074526 0.33802 -0.29212 0.28172 0.38398 0.22629 -0.33199 0.19445 -0.50016 -0.27954 0.32471 0.19569 -0.74918 -0.011448 0.15784 -0.27738 0.71889 0.64086 0.91614 -0.73077 0.15151 0.3766 0.27646 -0.12397 -0.49438 0.30002 0.18668 -0.54065 -0.41414 0.064408 0.12394 0.51499 0.60808 0.32151 0.40912 0.90341 -0.54817 0.54782 0.47553 0.28262 -0.085318 -0.028047 -0.58409 -0.077596 -0.32036 0.19695 0.0996 -0.65994 -0.12052 0.46517 -0.37783 -0.63988 -0.3855 0.39815 0.16986 -0.53651 -0.37113 -0.2968 0.45408 0.10663 -0.26462 0.6636 -0.33265 0.67461 0.11277 -0.23288 0.61492 0.0083216 -0.73077 -0.32577 -0.069732 0.11805 -0.55441 -0.08509 -0.41272 0.21009 -0.064962 0.33756 -0.58395 0.23755 0.52034 0.29562 0.43462 0.48152 -0.46536 -0.14865 0.27866 0.36989 0.41002 0.058557 0.17977 -0.45101 0.51578 0.10589 -0.39516 -0.16069 -0.70446 0.25344 0.023424 0.40908 0.38588 -0.042866 -0.16105 -0.11978 -0.69154 0.099972 0.80747 -0.36001 0.1984 0.2735 0.17888 0.21597 0.2488 0.35668 -0.20706 0.23553 -0.1132 0.63831 0.15151 -0.069732 -0.28727 -0.031815 -0.060536 0.29495 0.15766 0.88178 0.57885 0.24915 -0.13563 0.74041 -0.41559 0.22758 0.20362 -0.13723 -0.35029 0.37748 -0.24331 0.20727 0.34226 -0.12481 -0.41064 0.54363 -0.38789 0.039308 -0.59148 0.19271 -0.4503 0.074782 0.372 -0.24295 0.85052 -0.058454 0.75042 0.36389 -0.039687 0.62993 -0.12195 0.12815 -0.33189 -0.36404 0.11216 -0.14243 -0.485 0.28234 0.42988 0.24597 0.37695 0.55861 0.3766 0.11805 -0.031815 -0.42337 -0.014749 0.16372 -0.63182 -0.31892 0.080784 0.56641 0.2186 0.02449 -0.036481 -0.24012 -0.21646 0.05234 0.67621 0.28131 -0.49886 0.003887 -0.2663 0.44541 0.4231 -0.32941 -0.77377 -0.38722 -0.10062 0.23533 0.0035832 -0.25694 0.018496 0.13879 -0.027873 -0.42379 0.3243 -0.016347 0.041523 0.037817 0.57974 0.56407 0.2039 0.078095 0.25083 -0.14752 -0.68419 0.63731 0.13079 0.60206 0.86946 -0.67919 0.27646 -0.55441 -0.060536 -0.014749 -0.13466 -0.15237 0.36498 0.16784 -0.14722 -0.49564 0.20163 -0.17659 0.13148 -0.59571 -0.45416 -0.44625 0.67274 -0.22556 0.45863 0.37245 -0.17984 -0.49203 -0.58176 -0.44498 -0.62548 -0.034599 0.31123 0.55297 0.019802 0.55579 0.48999 -0.83408 0.42286 -0.19995 -0.25125 -0.61073 -0.34861 -0.41113 -0.021372 0.39296 -0.40037 0.13292 0.17 -0.64553 -0.38654 0.033889 -0.59545 0.016612 0.3804 -0.39406 -0.12397 -0.08509 0.29495 0.16372 -0.15237 -0.57206 -0.017479 0.17806 -0.30805 0.12829 -0.24046 0.11857 -0.76639 -0.43898 0.34235 0.42304 -0.38017 0.78899 -0.15827 -0.17179 -0.54556 0.55802 -0.020173 -0.14048 -0.24862 -0.76356 0.10399 -0.36489 -0.85811 -0.50256 0.13881 -0.73452 0.67486 -0.1757 -0.042164 -0.27082 -0.32415 -0.2201 -0.036076 -0.043028 -0.87148 0.40076 0.35155 -0.11922 -0.61574 -0.15023 0.12921 -0.017128 0.6367 0.093193 -0.49438 -0.41272 0.15766 -0.63182 0.36498 -0.017479 -0.85796 -0.090837 0.36568 0.64893 0.29762 0.4007 -0.01157 -0.67749 0.13889 0.078557 0.39245 0.63157 -0.41675 0.42983 0.21085 -0.31627 -0.49487 -0.30318 -0.14191 0.045114 0.8822 -0.33998 0.51123 -0.61486 0.011811 0.045664 -0.08081 -0.04827 -0.52917 0.70686 -0.2085 -0.11668 0.028582 -0.49114 -0.61077 0.26368 0.20118 0.27684 0.3716 -0.36939 0.076228 -0.099712 -0.03904 0.76364 0.30002 0.21009 0.88178 -0.31892 0.16784 0.17806 -0.090837 -0.095223 0.33004 -0.99361 -0.063759 -0.29335 0.001269 -0.47809 -0.15901 0.57781 0.48836 -0.049607 -0.45611 0.41411 0.078312 -0.39194 0.35204 0.32994 -0.46013 -0.32808 -0.49637 0.033147 -0.12362 0.56955 -0.65267 0.20012 -0.23738 0.40132 -0.040661 -0.029423 -0.6374 -0.43188 0.62887 -0.42119 -0.11901 0.43983 -0.041134 0.18277 -0.29719 0.051522 0.21117 0.1035 0.72685 0.069141 0.18668 -0.064962 0.57885 0.080784 -0.14722 -0.30805 0.36568 0.33004 -0.21338 0.2712 -0.58215 -0.18282 -0.88923 0.66803 -0.0064331 0.33392 0.11616 0.1807 0.2766 0.035273 -0.23403 -0.044171 -0.797 0.49761 -0.311 -0.2419 0.2657 -0.44541 -0.29753 0.31639 -0.034262 -0.23311 -0.064262 -0.086504 0.11134 0.39243 -0.68867 -0.24645 -0.55816 0.28132 -0.23856 0.37555 -0.21896 -0.084491 -0.65642 0.56749 0.081879 0.29241 -0.24209 -0.012848 -0.54065 0.33756 0.24915 0.56641 -0.49564 0.12829 0.64893 -0.99361 0.2712 0.39114 -0.25766 -0.13117 -0.37076 -0.10003 -0.22156 0.61919 0.24927 -0.1126 0.70753 -0.46648 0.89035 -0.43233 -0.27787 -0.28927 0.010863 0.24509 0.42718 -0.055868 -0.18003 0.30569 -0.43577 -0.076354 0.27818 0.24777 0.57679 0.0074538 -0.40868 -0.12542 -0.88989 0.2132 0.00021261 -0.090523 0.35902 -0.7022 -0.27166 0.15263 -0.58046 -0.21117 0.036723 -0.77384 -0.41414 -0.58395 -0.13563 0.2186 0.20163 -0.24046 0.29762 -0.063759 -0.58215 -0.25766 -0.74543 -0.11093 0.55212 -0.15165 0.11546 0.43748 -0.44865 -0.41616 -0.24257 0.11976 0.34372 0.90373 0.10663 -0.60028 0.097884 -0.42172 -0.10821 -0.14829 -0.37497 -0.043436 0.082794 0.11795 -0.13583 0.32815 -0.47689 0.63383 -0.097854 -0.080979 -0.76741 -0.016694 -0.47118 -0.12027 -0.44612 -0.27776 0.38875 0.416 -0.19481 0.14511 0.05682 0.26687 0.064408 0.23755 0.74041 0.02449 -0.17659 0.11857 0.4007 -0.29335 -0.18282 -0.13117 -0.11093 0.87523 -0.50957 0.11498 -0.18642 -0.22129 -0.20631 0.18298 0.046356 0.68307 0.74481 0.37886 0.57488 -0.004927 -0.080378 0.65725 -0.16236 -0.50526 0.47437 -0.14928 -0.072245 -0.14671 -0.95266 0.046028 0.53883 0.0098804 0.37127 0.17835 -0.33579 0.53683 0.41086 -0.72422 0.55109 -0.38059 0.5108 0.49286 0.19232 0.019139 0.68972 0.49167 0.12394 0.52034 -0.41559 -0.036481 0.13148 -0.76639 -0.01157 0.001269 -0.88923 -0.37076 0.55212 -0.50957 -0.014959 -0.30459 -0.21798 0.53015 0.36056 -0.048977 0.54947 -0.4359 -0.08031 0.071865 0.39584 0.9029 0.29996 0.6673 -0.45263 0.023282 0.35559 -0.6057 0.40964 0.93006 0.01395 0.50325 0.27623 -0.10129 -0.54691 -0.27349 -0.71656 -0.38439 -0.038762 0.62613 0.49354 -0.32132 -0.020655 0.33471 -0.23811 0.52095 0.033357 -0.1079 0.51499 0.29562 0.22758 -0.24012 -0.59571 -0.43898 -0.67749 -0.47809 0.66803 -0.10003 -0.15165 0.11498 -0.30459 0.66088 0.26735 0.079336 0.19307 0.67672 0.027405 0.61684 -0.56386 -0.1302 -0.36782 -0.10038 -0.47771 0.50393 -0.24353 0.27404 0.19563 -0.03171 -0.066603 0.29568 0.19424 -0.59535 0.45091 -0.23165 0.32718 0.49885 0.85468 0.58632 -0.37123 0.12768 0.53987 -0.41011 -0.70989 -0.66917 0.065866 0.47219 0.32226 -0.20587 0.60808 0.43462 0.20362 -0.21646 -0.45416 0.34235 0.13889 -0.15901 -0.0064331 -0.22156 0.11546 -0.18642 -0.21798 0.26735 0.18893 0.0062278 -0.051011 -0.74812 -0.46887 0.39793 0.49933 -0.72693 0.34782 -0.19866 -0.79206 0.0084121 -0.6269 0.22056 0.66403 0.26198 0.41144 -0.45566 0.18937 0.29328 -0.84312 0.080638 0.54226 -0.69627 -0.41442 -0.063696 0.51141 -0.38286 0.61569 0.50363 -0.12163 -0.18516 -0.11557 0.040063 0.67237 -0.21348 0.32151 0.48152 -0.13723 0.05234 -0.44625 0.42304 0.078557 0.57781 0.33392 0.61919 0.43748 -0.22129 0.53015 0.079336 0.0062278 -0.68952 0.044785 0.33411 -0.69997 0.0062477 0.70443 0.45605 -0.35811 0.039995 -0.035211 0.069995 0.15897 0.506 0.32144 -0.7908 0.065167 0.82724 -0.0095233 0.69314 -0.17754 -0.23564 -0.13965 0.086324 0.4692 0.42506 0.087137 0.16121 -0.39821 -0.06819 -0.18551 -0.16187 -0.20701 -0.28905 0.13022 0.030236 0.40912 -0.46536 -0.35029 0.67621 0.67274 -0.38017 0.39245 0.48836 0.11616 0.24927 -0.44865 -0.20631 0.36056 0.19307 -0.051011 0.044785 0.97573 0.12483 0.21273 0.31197 0.16374 -0.048216 -0.2387 -0.2718 0.28555 -0.43744 0.063209 -0.60196 -0.057647 0.93455 -0.50028 0.41799 -0.34101 -0.19316 -0.14029 -0.28849 -0.78305 -0.3052 -0.067343 0.083016 0.41865 -0.56788 -0.078252 0.71768 0.68843 0.34947 -0.11695 -0.53458 -0.2119 -0.13571 0.90341 -0.14865 0.37748 0.28131 -0.22556 0.78899 0.63157 -0.049607 0.1807 -0.1126 -0.41616 0.18298 -0.048977 0.67672 -0.74812 0.33411 0.12483 -0.17753 -0.011822 -0.16673 -0.39496 -0.79499 -0.20122 0.32171 -0.61154 -0.046379 -0.10106 0.4566 0.51851 -0.57391 0.43475 0.12397 -0.049526 -0.78738 -0.58261 0.16175 0.49043 0.27618 0.11902 -0.51154 0.10481 0.30533 0.40619 0.034803 0.065566 -0.17607 0.18312 -0.0055348 -0.5371 -0.1136 -0.54817 0.27866 -0.24331 -0.49886 0.45863 -0.15827 -0.41675 -0.45611 0.2766 0.70753 -0.24257 0.046356 0.54947 0.027405 -0.46887 -0.69997 0.21273 -0.011822 -0.61019 -0.74051 0.50184 -0.022386 0.081106 0.008133 -0.087309 -0.72426 0.079131 -0.13177 -0.88039 -0.6175 -0.40569 -0.51748 0.070531 -0.030668 -0.1864 -0.26416 0.4658 0.016471 0.57385 -0.042087 -0.62008 -0.38696 0.55731 0.095198 -0.25426 -0.14259 -0.21852 0.47475 0.11803 -0.28723 0.54782 0.36989 0.20727 0.003887 0.37245 -0.17179 0.42983 0.41411 0.035273 -0.46648 0.11976 0.68307 -0.4359 0.61684 0.39793 0.0062477 0.31197 -0.16673 -0.74051 -0.77377 0.06702 -0.43489 0.59504 0.41516 0.2225 -0.88652 -0.18482 0.4457 -0.47348 -0.50379 0.35376 0.046064 -0.071756 -0.38773 0.53596 -0.10644 0.1886 -0.21632 0.18451 0.64789 0.9179 -0.080463 -0.56052 -0.041895 -0.15228 -0.68269 0.025321 0.33617 0.12758 -0.075147 0.47553 0.41002 0.34226 -0.2663 -0.17984 -0.54556 0.21085 0.078312 -0.23403 0.89035 0.34372 0.74481 -0.08031 -0.56386 0.49933 0.70443 0.16374 -0.39496 0.50184 0.06702 -0.68801 0.42135 0.26557 -0.23849 -0.45675 -0.68461 -0.40406 -0.64807 0.25146 -0.85772 0.1863 0.16361 0.54111 -0.14733 0.2376 0.044452 -0.11322 -0.091687 -0.69866 0.11644 0.62601 0.50571 -0.3957 0.08927 -0.23979 0.077167 0.25653 -0.95158 -0.031564 0.51228 0.28262 0.058557 -0.12481 0.44541 -0.49203 0.55802 -0.31627 -0.39194 -0.044171 -0.43233 0.90373 0.37886 0.071865 -0.1302 -0.72693 0.45605 -0.048216 -0.79499 -0.022386 -0.43489 0.42135 -0.27737 -0.030182 -0.84708 -0.23975 -0.70926 -0.38707 0.63185 -0.21343 0.67807 0.23931 -0.013672 0.16427 0.0096536 0.15591 -0.57448 -0.88359 0.18192 -0.46557 -0.046701 0.42187 0.1285 0.53967 0.27999 0.45239 0.10535 0.31523 -0.56543 0.29289 0.35147 -0.085318 0.17977 -0.41064 0.4231 -0.58176 -0.020173 -0.49487 0.35204 -0.797 -0.27787 0.10663 0.57488 0.39584 -0.36782 0.34782 -0.35811 -0.2387 -0.20122 0.081106 0.59504 0.26557 -0.030182 -0.3856 0.055773 -0.079972 0.18125 -0.048232 0.31584 -0.15029 0.57134 -0.076359 -0.15057 -0.1697 -0.40597 0.039967 0.25268 -0.070093 -0.0057671 0.34437 -0.38991 -0.70734 -0.6516 -0.32851 -0.70977 0.038711 0.77353 -0.66849 0.086071 0.036344 -0.12169 -0.028047 -0.45101 0.54363 -0.32941 -0.44498 -0.14048 -0.30318 0.32994 0.49761 -0.28927 -0.60028 -0.004927 0.9029 -0.10038 -0.19866 0.039995 -0.2718 0.32171 0.008133 0.41516 -0.23849 -0.84708 0.055773 -0.48501 0.17076 -0.14399 0.75152 0.19449 0.40617 0.46371 -0.44948 -0.17221 -0.28926 -0.61247 0.34574 -0.32988 -0.013643 -0.67583 -0.35886 -0.0437 0.22767 -0.30728 -0.30259 -0.52614 -0.18797 0.53844 0.31892 -0.67785 0.39748 -0.57276 -0.58409 0.51578 -0.38789 -0.77377 -0.62548 -0.24862 -0.14191 -0.46013 -0.311 0.010863 0.097884 -0.080378 0.29996 -0.47771 -0.79206 -0.035211 0.28555 -0.61154 -0.087309 0.2225 -0.45675 -0.23975 -0.079972 0.17076 -0.97141 -0.21916 -0.32787 0.15709 0.81498 -0.58639 -0.39008 -0.16939 0.4285 0.16255 -0.035429 0.89765 -0.34161 0.48782 0.11087 0.23747 -0.29965 0.41567 0.34158 0.48832 -0.13814 -0.31086 0.15157 0.20178 0.17083 0.014647 -0.077596 0.10589 0.039308 -0.38722 -0.034599 -0.76356 0.045114 -0.32808 -0.2419 0.24509 -0.42172 0.65725 0.6673 0.50393 0.0084121 0.069995 -0.43744 -0.046379 -0.72426 -0.88652 -0.68461 -0.70926 0.18125 -0.14399 -0.21916 0.17964 0.4349 0.051663 0.49136 -0.31345 -0.41878 -0.13403 -0.080474 0.072972 0.33845 -0.55241 -0.15161 0.31069 -0.10317 0.4033 0.53404 -0.28396 -0.6689 0.091952 -0.521 -0.28096 -0.69212 0.28336 -0.0097834 0.46992 -0.32036 -0.39516 -0.59148 -0.10062 0.31123 0.10399 0.8822 -0.49637 0.2657 0.42718 -0.10821 -0.16236 -0.45263 -0.24353 -0.6269 0.15897 0.063209 -0.10106 0.079131 -0.18482 -0.40406 -0.38707 -0.048232 0.75152 -0.32787 0.4349 -0.96705 -0.23584 0.6856 -0.17822 -0.5143 0.28883 -0.38958 -0.51932 0.67392 0.080267 0.20955 0.24765 -0.34501 -0.33673 0.4296 0.8493 0.03088 0.051863 0.075466 -0.20328 0.076475 0.14892 0.23324 0.57869 0.19695 -0.16069 0.19271 0.23533 0.55297 -0.36489 -0.33998 0.033147 -0.44541 -0.055868 -0.14829 -0.50526 0.023282 0.27404 0.22056 0.506 -0.60196 0.4566 -0.13177 0.4457 -0.64807 0.63185 0.31584 0.19449 0.15709 0.051663 -0.23584 0.16246 -0.43825 -0.27236 -0.83859 -0.47212 0.13972 0.47115 0.39704 -0.28055 0.4652 0.12326 -0.81635 -0.054573 -0.28713 0.10044 -0.48443 0.076359 0.38595 -0.14584 0.18657 -0.52618 -0.010171 0.41676 0.0996 -0.70446 -0.4503 0.0035832 0.019802 -0.85811 0.51123 -0.12362 -0.29753 -0.18003 -0.37497 0.47437 0.35559 0.19563 0.66403 0.32144 -0.057647 0.51851 -0.88039 -0.47348 0.25146 -0.21343 -0.15029 0.40617 0.81498 0.49136 0.6856 -0.43825 -0.19308 0.71639 0.34811 0.81054 -0.76866 -0.44473 -0.017727 0.21807 -0.65421 0.61794 0.40284 0.063505 -0.016836 0.38707 -0.26364 -0.058627 -0.80472 0.051869 -0.67671 0.0020506 -0.13899 0.2831 -0.65994 0.25344 0.074782 -0.25694 0.55579 -0.50256 -0.61486 0.56955 0.31639 0.30569 -0.043436 -0.14928 -0.6057 -0.03171 0.26198 -0.7908 0.93455 -0.57391 -0.6175 -0.50379 -0.85772 0.67807 0.57134 0.46371 -0.58639 -0.31345 -0.17822 -0.27236 0.71639 -0.73223 0.59464 -0.21656 -0.24853 -0.42903 0.41147 0.61886 0.43566 -0.08559 0.19959 -0.48043 0.099535 0.42906 0.077187 -0.12246 0.46983 0.67788 -0.24948 -0.071846 0.028058 0.41417 -0.12052 0.023424 0.372 0.018496 0.48999 0.13881 0.011811 -0.65267 -0.034262 -0.43577 0.082794 -0.072245 0.40964 -0.066603 0.41144 0.065167 -0.50028 0.43475 -0.40569 0.35376 0.1863 0.23931 -0.076359 -0.44948 -0.39008 -0.41878 -0.5143 -0.83859 0.34811 0.59464 -0.14514 -0.55461 -0.067368 -0.74532 -0.72299 -0.52768 -0.31476 0.32186 -0.55226 0.52449 0.038637 0.14889 -0.0997 -0.067305 0.36724 -0.16319 -0.058644 0.21727 -0.19773 0.25849 0.46517 0.40908 -0.24295 0.13879 -0.83408 -0.73452 0.045664 0.20012 -0.23311 -0.076354 0.11795 -0.14671 0.93006 0.29568 -0.45566 0.82724 0.41799 0.12397 -0.51748 0.046064 0.16361 -0.013672 -0.15057 -0.17221 -0.16939 -0.13403 0.28883 -0.47212 0.81054 -0.21656 -0.55461 -0.13599 0.68027 0.35758 -0.10299 -0.28358 0.019086 -0.17683 0.60293 0.28696 -0.059577 0.15876 0.77383 -0.29614 -0.061135 0.8232 -0.54714 0.02512 0.33348 0.074526 -0.37783 0.38588 0.85052 -0.027873 0.42286 0.67486 -0.08081 -0.23738 -0.064262 0.27818 -0.13583 -0.95266 0.01395 0.19424 0.18937 -0.0095233 -0.34101 -0.049526 0.070531 -0.071756 0.54111 0.16427 -0.1697 -0.28926 0.4285 -0.080474 -0.38958 0.13972 -0.76866 -0.24853 -0.067368 0.68027 -0.015157 0.359 -0.179 -0.64951 -0.28352 0.71877 0.16929 0.90123 0.097133 -0.38201 -0.41095 -0.0025991 -0.025459 -0.55802 -0.2488 -0.29883 0.47165 0.33802 -0.63988 -0.042866 -0.058454 -0.42379 -0.19995 -0.1757 -0.04827 0.40132 -0.086504 0.24777 0.32815 0.046028 0.50325 -0.59535 0.29328 0.69314 -0.19316 -0.78738 -0.030668 -0.38773 -0.14733 0.0096536 -0.40597 -0.61247 0.16255 0.072972 -0.51932 0.47115 -0.44473 -0.42903 -0.74532 0.35758 0.359 0.32443 -0.79018 0.36699 -0.52898 -0.018427 -0.025127 -0.68622 -0.34232 -0.89316 -0.25902 -0.00057304 -0.31575 0.32727 -0.41536 0.051798 -0.62155 -0.29212 -0.3855 -0.16105 0.75042 0.3243 -0.25125 -0.042164 -0.52917 -0.040661 0.11134 0.57679 -0.47689 0.53883 0.27623 0.45091 -0.84312 -0.17754 -0.14029 -0.58261 -0.1864 0.53596 0.2376 0.15591 0.039967 0.34574 -0.035429 0.33845 0.67392 0.39704 -0.017727 0.41147 -0.72299 -0.10299 -0.179 -0.79018 -0.27128 0.58757 0.057672 0.16786 0.21449 0.086082 -0.53753 0.55442 -0.28753 0.19744 -0.6015 -0.24187 -0.44741 0.0072924 0.027925 0.28172 0.39815 -0.11978 0.36389 -0.016347 -0.61073 -0.27082 0.70686 -0.029423 0.39243 0.0074538 0.63383 0.0098804 -0.10129 -0.23165 0.080638 -0.23564 -0.28849 0.16175 -0.26416 -0.10644 0.044452 -0.57448 0.25268 -0.32988 0.89765 -0.55241 0.080267 -0.28055 0.21807 0.61886 -0.52768 -0.28358 -0.64951 0.36699 0.58757 0.22926 0.54721 0.23552 0.49366 0.034887 0.52105 -0.055108 -0.23351 0.61236 -0.0073154 0.010527 -0.63016 0.087745 0.77959 0.38398 0.16986 -0.69154 -0.039687 0.041523 -0.34861 -0.32415 -0.2085 -0.6374 -0.68867 -0.40868 -0.097854 0.37127 -0.54691 0.32718 0.54226 -0.13965 -0.78305 0.49043 0.4658 0.1886 -0.11322 -0.88359 -0.070093 -0.013643 -0.34161 -0.15161 0.20955 0.4652 -0.65421 0.43566 -0.31476 0.019086 -0.28352 -0.52898 0.057672 0.54721 0.33715 -0.39872 0.4365 -0.36581 -0.17609 0.76407 -0.15657 -0.40636 -0.10661 0.28259 -0.36971 -0.6156 0.64569 0.22629 -0.53651 0.099972 0.62993 0.037817 -0.41113 -0.2201 -0.11668 -0.43188 -0.24645 -0.12542 -0.080979 0.17835 -0.27349 0.49885 -0.69627 0.086324 -0.3052 0.27618 0.016471 -0.21632 -0.091687 0.18192 -0.0057671 -0.67583 0.48782 0.31069 0.24765 0.12326 0.61794 -0.08559 0.32186 -0.17683 0.71877 -0.018427 0.16786 0.23552 -0.39872 0.6948 -0.13733 -0.15244 -0.38665 0.54566 0.34717 -0.29851 0.12658 -0.42329 -0.13968 -0.70351 0.37643 -0.33199 -0.37113 0.80747 -0.12195 0.57974 -0.021372 -0.036076 0.028582 0.62887 -0.55816 -0.88989 -0.76741 -0.33579 -0.71656 0.85468 -0.41442 0.4692 -0.067343 0.11902 0.57385 0.18451 -0.69866 -0.46557 0.34437 -0.35886 0.11087 -0.10317 -0.34501 -0.81635 0.40284 0.19959 -0.55226 0.60293 0.16929 -0.025127 0.21449 0.49366 0.4365 -0.13733 0.06696 0.36985 -0.54889 -0.2697 -0.43997 0.32825 0.83024 0.50749 -0.022233 0.3728 -0.34785 0.19445 -0.2968 -0.36001 0.12815 0.56407 0.39296 -0.043028 -0.49114 -0.42119 0.28132 0.2132 -0.016694 0.53683 -0.38439 0.58632 -0.063696 0.42506 0.083016 -0.51154 -0.042087 0.64789 0.11644 -0.046701 -0.38991 -0.0437 0.23747 0.4033 -0.33673 -0.054573 0.063505 -0.48043 0.52449 0.28696 0.90123 -0.68622 0.086082 0.034887 -0.36581 -0.15244 0.36985 -0.56209 -0.082 -0.25466 -0.057606 -0.7012 -0.047861 -0.11827 -0.34458 -0.19495 -0.086575 -0.50016 0.45408 0.1984 -0.33189 0.2039 -0.40037 -0.87148 -0.61077 -0.11901 -0.23856 0.00021261 -0.47118 0.41086 -0.038762 -0.37123 0.51141 0.087137 0.41865 0.10481 -0.62008 0.9179 0.62601 0.42187 -0.70734 0.22767 -0.29965 0.53404 0.4296 -0.28713 -0.016836 0.099535 0.038637 -0.059577 0.097133 -0.34232 -0.53753 0.52105 -0.17609 -0.38665 -0.54889 -0.082 -0.70736 -0.48757 0.16749 0.3688 -0.60428 0.49299 -0.39383 0.18672 0.040451 -0.27954 0.10663 0.2735 -0.36404 0.078095 0.13292 0.40076 0.26368 0.43983 0.37555 -0.090523 -0.12027 -0.72422 0.62613 0.12768 -0.38286 0.16121 -0.56788 0.30533 -0.38696 -0.080463 0.50571 0.1285 -0.6516 -0.30728 0.41567 -0.28396 0.8493 0.10044 0.38707 0.42906 0.14889 0.15876 -0.38201 -0.89316 0.55442 -0.055108 0.76407 0.54566 -0.2697 -0.25466 -0.48757 0.12699
cons 1
1 0 0 0 0 0 0 0 0 0 0 0 0 0 0 0 0 0 0 0 0 0 0 0 0 0 0 0 0 0 0 0 0 0 0 0 0 0 0 0 0 0 0 0 0 0 0 0 0 0 0 1 0 0 0 0 0 0 0 0 0 0 0 0 0 0 0 0 0 0 0 0 0 0 0 0 0 0 0 0 0 0 0 0 0 0 0 0 0 0 0 0 0 0 0 0 0 0 0 0 0 0 1 0 0 0 0 0 0 0 0 0 0 0 0 0 0 0 0 0 0 0 0 0 0 0 0 0 0 0 0 0 0 0 0 0 0 0 0 0 0 0 0 0 0 0 0 0 0 0 0 0 0 1 0 0 0 0 0 0 0 0 0 0 0 0 0 0 0 0 0 0 0 0 0 0 0 0 0 0 0 0 0 0 0 0 0 0 0 0 0 0 0 0 0 0 0 0 0 0 0 0 0 0 1 0 0 0 0 0 0 0 0 0 0 0 0 0 0 0 0 0 0 0 0 0 0 0 0 0 0 0 0 0 0 0 0 0 0 0 0 0 0 0 0 0 0 0 0 0 0 0 0 0 0 1 0 0 0 0 0 0 0 0 0 0 0 0 0 0 0 0 0 0 0 0 0 0 0 0 0 0 0 0 0 0 0 0 0 0 0 0 0 0 0 0 0 0 0 0 0 0 0 0 0 0 1 0 0 0 0 0 0 0 0 0 0 0 0 0 0 0 0 0 0 0 0 0 0 0 0 0 0 0 0 0 0 0 0 0 0 0 0 0 0 0 0 0 0 0 0 0 0 0 0 0 0 1 0 0 0 0 0 0 0 0 0 0 0 0 0 0 0 0 0 0 0 0 0 0 0 0 0 0 0 0 0 0 0 0 0 0 0 0 0 0 0 0 0 0 0 0 0 0 0 0 0 0 1 0 0 0 0 0 0 0 0 0 0 0 0 0 0 0 0 0 0 0 0 0 0 0 0 0 0 0 0 0 0 0 0 0 0 0 0 0 0 0 0 0 0 0 0 0 0 0 0 0 0 1 0 0 0 0 0 0 0 0 0 0 0 0 0 0 0 0 0 0 0 0 0 0 0 0 0 0 0 0 0 0 0 0 0 0 0 0 0 0 0 0 0 0 0 0 0 0 0 0 0 0 1 0 0 0 0 0 0 0 0 0 0 0 0 0 0 0 0 0 0 0 0 0 0 0 0 0 0 0 0 0 0 0 0 0 0 0 0 0 0 0 0 0 0 0 0 0 0 0 0 0 0 1 0 0 0 0 0 0 0 0 0 0 0 0 0 0 0 0 0 0 0 0 0 0 0 0 0 0 0 0 0 0 0 0 0 0 0 0 0 0 0 0 0 0 0 0 0 0 0 0 0 0 1 0 0 0 0 0 0 0 0 0 0 0 0 0 0 0 0 0 0 0 0 0 0 0 0 0 0 0 0 0 0 0 0 0 0 0 0 0 0 0 0 0 0 0 0 0 0 0 0 0 0 1 0 0 0 0 0 0 0 0 0 0 0 0 0 0 0 0 0 0 0 0 0 0 0 0 0 0 0 0 0 0 0 0 0 0 0 0 0 0 0 0 0 0 0 0 0 0 0 0 0 0 1 0 0 0 0 0 0 0 0 0 0 0 0 0 0 0 0 0 0 0 0 0 0 0 0 0 0 0 0 0 0 0 0 0 0 0 0 0 0 0 0 0 0 0 0 0 0 0 0 0 0 1 0 0 0 0 0 0 0 0 0 0 0 0 0 0 0 0 0 0 0 0 0 0 0 0 0 0 0 0 0 0 0 0 0 0 0 0 0 0 0 0 0 0 0 0 0 0 0 0 0 0 1 0 0 0 0 0 0 0 0 0 0 0 0 0 0 0 0 0 0 0 0 0 0 0 0 0 0 0 0 0 0 0 0 0 0 0 0 0 0 0 0 0 0 0 0 0 0 0 0 0 0 1 0 0 0 0 0 0 0 0 0 0 0 0 0 0 0 0 0 0 0 0 0 0 0 0 0 0 0 0 0 0 0 0 0 0 0 0 0 0 0 0 0 0 0 0 0 0 0 0 0 0 1 0 0 0 0 0 0 0 0 0 0 0 0 0 0 0 0 0 0 0 0 0 0 0 0 0 0 0 0 0 0 0 0 0 0 0 0 0 0 0 0 0 0 0 0 0 0 0 0 0 0 1 0 0 0 0 0 0 0 0 0 0 0 0 0 0 0 0 0 0 0 0 0 0 0 0 0 0 0 0 0 0 0 0 0 0 0 0 0 0 0 0 0 0 0 0 0 0 0 0 0 0 1 0 0 0 0 0 0 0 0 0 0 0 0 0 0 0 0 0 0 0 0 0 0 0 0 0 0 0 0 0 0 0 0 0 0 0 0 0 0 0 0 0 0 0 0 0 0 0 0 0 0 1 0 0 0 0 0 0 0 0 0 0 0 0 0 0 0 0 0 0 0 0 0 0 0 0 0 0 0 0 0 0 0 0 0 0 0 0 0 0 0 0 0 0 0 0 0 0 0 0 0 0 1 0 0 0 0 0 0 0 0 0 0 0 0 0 0 0 0 0 0 0 0 0 0 0 0 0 0 0 0 0 0 0 0 0 0 0 0 0 0 0 0 0 0 0 0 0 0 0 0 0 0 1 0 0 0 0 0 0 0 0 0 0 0 0 0 0 0 0 0 0 0 0 0 0 0 0 0 0 0 0 0 0 0 0 0 0 0 0 0 0 0 0 0 0 0 0 0 0 0 0 0 0 1 0 0 0 0 0 0 0 0 0 0 0 0 0 0 0 0 0 0 0 0 0 0 0 0 0 0 0 0 0 0 0 0 0 0 0 0 0 0 0 0 0 0 0 0 0 0 0 0 0 0 1 0 0 0 0 0 0 0 0 0 0 0 0 0 0 0 0 0 0 0 0 0 0 0 0 0 0 0 0 0 0 0 0 0 0 0 0 0 0 0 0 0 0 0 0 0 0 0 0 0 0 1 0 0 0 0 0 0 0 0 0 0 0 0 0 0 0 0 0 0 0 0 0 0 0 0 0 0 0 0 0 0 0 0 0 0 0 0 0 0 0 0 0 0 0 0 0 0 0 0 0 0 1 0 0 0 0 0 0 0 0 0 0 0 0 0 0 0 0 0 0 0 0 0 0 0 0 0 0 0 0 0 0 0 0 0 0 0 0 0 0 0 0 0 0 0 0 0 0 0 0 0 0 1 0 0 0 0 0 0 0 0 0 0 0 0 0 0 0 0 0 0 0 0 0 0 0 0 0 0 0 0 0 0 0 0 0 0 0 0 0 0 0 0 0 0 0 0 0 0 0 0 0 0 1 0 0 0 0 0 0 0 0 0 0 0 0 0 0 0 0 0 0 0 0 0 0 0 0 0 0 0 0 0 0 0 0 0 0 0 0 0 0 0 0 0 0 0 0 0 0 0 0 0 0 1 0 0 0 0 0 0 0 0 0 0 0 0 0 0 0 0 0 0 0 0 0 0 0 0 0 0 0 0 0 0 0 0 0 0 0 0 0 0 0 0 0 0 0 0 0 0 0 0 0 0 1 0 0 0 0 0 0 0 0 0 0 0 0 0 0 0 0 0 0 0 0 0 0 0 0 0 0 0 0 0 0 0 0 0 0 0 0 0 0 0 0 0 0 0 0 0 0 0 0 0 0 1 0 0 0 0 0 0 0 0 0 0 0 0 0 0 0 0 0 0 0 0 0 0 0 0 0 0 0 0 0 0 0 0 0 0 0 0 0 0 0 0 0 0 0 0 0 0 0 0 0 0 1 0 0 0 0 0 0 0 0 0 0 0 0 0 0 0 0 0 0 0 0 0 0 0 0 0 0 0 0 0 0 0 0 0 0 0 0 0 0 0 0 0 0 0 0 0 0 0 0 0 0 1 0 0 0 0 0 0 0 0 0 0 0 0 0 0 0 0 0 0 0 0 0 0 0 0 0 0 0 0 0 0 0 0 0 0 0 0 0 0 0 0 0 0 0 0 0 0 0 0 0 0 1 0 0 0 0 0 0 0 0 0 0 0 0 0 0 0 0 0 0 0 0 0 0 0 0 0 0 0 0 0 0 0 0 0 0 0 0 0 0 0 0 0 0 0 0 0 0 0 0 0 0 1 0 0 0 0 0 0 0 0 0 0 0 0 0 0 0 0 0 0 0 0 0 0 0 0 0 0 0 0 0 0 0 0 0 0 0 0 0 0 0 0 0 0 0 0 0 0 0 0 0 0 1 0 0 0 0 0 0 0 0 0 0 0 0 0 0 0 0 0 0 0 0 0 0 0 0 0 0 0 0 0 0 0 0 0 0 0 0 0 0 0 0 0 0 0 0 0 0 0 0 0 0 1 0 0 0 0 0 0 0 0 0 0 0 0 0 0 0 0 0 0 0 0 0 0 0 0 0 0 0 0 0 0 0 0 0 0 0 0 0 0 0 0 0 0 0 0 0 0 0 0 0 0 1 0 0 0 0 0 0 0 0 0 0 0 0 0 0 0 0 0 0 0 0 0 0 0 0 0 0 0 0 0 0 0 0 0 0 0 0 0 0 0 0 0 0 0 0 0 0 0 0 0 0 1 0 0 0 0 0 0 0 0 0 0 0 0 0 0 0 0 0 0 0 0 0 0 0 0 0 0 0 0 0 0 0 0 0 0 0 0 0 0 0 0 0 0 0 0 0 0 0 0 0 0 1 0 0 0 0 0 0 0 0 0 0 0 0 0 0 0 0 0 0 0 0 0 0 0 0 0 0 0 0 0 0 0 0 0 0 0 0 0 0 0 0 0 0 0 0 0 0 0 0 0 0 1 0 0 0 0 0 0 0 0 0 0 0 0 0 0 0 0 0 0 0 0 0 0 0 0 0 0 0 0 0 0 0 0 0 0 0 0 0 0 0 0 0 0 0 0 0 0 0 0 0 0 1 0 0 0 0 0 0 0 0 0 0 0 0 0 0 0 0 0 0 0 0 0 0 0 0 0 0 0 0 0 0 0 0 0 0 0 0 0 0 0 0 0 0 0 0 0 0 0 0 0 0 1 0 0 0 0 0 0 0 0 0 0 0 0 0 0 0 0 0 0 0 0 0 0 0 0 0 0 0 0 0 0 0 0 0 0 0 0 0 0 0 0 0 0 0 0 0 0 0 0 0 0 1 0 0 0 0 0 0 0 0 0 0 0 0 0 0 0 0 0 0 0 0 0 0 0 0 0 0 0 0 0 0 0 0 0 0 0 0 0 0 0 0 0 0 0 0 0 0 0 0 0 0 1 0 0 0 0 0 0 0 0 0 0 0 0 0 0 0 0 0 0 0 0 0 0 0 0 0 0 0 0 0 0 0 0 0 0 0 0 0 0 0 0 0 0 0 0 0 0 0 0 0 0 1 0 0 0 0 0 0 0 0 0 0 0 0 0 0 0 0 0 0 0 0 0 0 0 0 0 0 0 0 0 0 0 0 0 0 0 0 0 0 0 0 0 0 0 0 0 0 0 0 0 0 1 0 0 0 0 0 0 0 0 0 0 0 0 0 0 0 0 0 0 0 0 0 0 0 0 0 0 0 0 0 0 0 0 0 0 0 0 0 0 0 0 0 0 0 0 0 0 0 0 0 0 1
< 25