obj 50
-0.60642 0.33299 -0.87758 0.093231 -0.56481 0.25481 -0.34586 -0.48782 0.37526 0.37558 0.11222 0.021154 -0.18671 -0.35449 0.069065 0.81404 0.062633 -0.25385 0.47176 -0.32299 0.066688 0.37953 -0.38918 -0.30255 -0.37793 -0.56587 0.5473 -0.40874 0.47975 0.089643 0.49402 -0.22855 -0.38936 -0.34361 0.37749 0.13698 0.51205 0.29455 -0.87002 -0.50228 0.68389 0.84161 -0.065577 -0.24645 -0.79713 -0.0050134 0.31676 -0.1551 0.5741 -0.26752 0.33299 0.30447 0.76009 0.83064 -0.7178 0.14642 0.31674 0.091009 -0.40386 0.3176 -0.035985 -0.13657 -0.48259 -0.20115 0.3393 -0.22297 0.50679 -0.14179 0.20778 0.40744 -0.0075076 0.20555 -0.55464 -0.79815 -0.086948 0.18461 0.36118 -0.07884 0.08883 -0.087155 -0.32544 -0.11174 -0.64787 0.50029 -0.33339 0.77035 -0.62944 0.38774 0.11344 0.26401 -0.053322 -0.10723 -0.50382 -0.094185 0.49528 0.094147 0.020162 -0.32243 -0.81851 -0.66689 -0.87758 0.76009 0.10719 0.31709 -0.56179 0.0050452 -0.76497 -0.22895 -0.76015 0.52941 0.99537 -0.4819 0.58816 0.4363 -0.065737 0.25824 0.042362 -0.16276 -0.42125 0.64221 0.88334 -0.12129 -0.164 0.14331 -0.1616 -0.37609 -0.24371 -0.45462 -0.21003 0.041318 0.80175 -0.065178 0.31031 -0.51837 -0.19963 -0.15137 -0.20957 -0.24971 0.041439 -0.34071 0.85256 0.28909 0.79966 -0.10997 -0.093083 -0.25132 -0.79062 0.011654 -0.050208 -0.25867 0.093231 0.83064 0.31709 0.16736 -0.3063 0.11705 0.19222 -0.12602 -0.70657 -0.18098 -0.22972 -0.44773 0.046188 0.23315 -0.047264 0.44627 -0.73192 -0.68737 -0.20207 0.53454 0.21022 0.36574 0.32109 -0.18644 -0.42727 0.51818 -0.52418 -0.016089 -0.26484 0.62438 -0.14962 0.17 -0.35833 -0.44761 0.023089 -0.15235 -0.44731 0.13347 -0.69904 -0.0027893 0.38942 0.22851 -0.55473 -0.0059089 0.28747 -0.57245 -0.12061 -0.019039 -0.0796 0.47038 -0.56481 -0.7178 -0.56179 -0.3063 0.6703 0.21366 0.05807 0.17905 0.46419 -0.28359 -0.18973 0.33002 0.030339 -0.22438 0.22217 -0.5859 -0.36048 0.35039 -0.41504 0.16167 -0.16491 0.24405 -0.34174 0.4367 -0.39232 0.038402 0.4158 0.11427 0.60037 0.092192 0.70271 -0.011366 0.36621 -0.9453 0.11777 -0.18645 -0.32983 -0.54639 0.38533 -0.28177 0.77555 0.41826 -0.62214 -0.67414 -0.93671 -0.069478 0.27342 -0.0321 0.19727 0.24955 0.25481 0.14642 0.0050452 0.11705 0.21366 0.14546 0.095801 -0.0014328 0.29832 -0.0768 0.27134 0.16818 -0.10371 -0.19613 -0.17379 0.56048 0.60485 -0.57345 -0.44112 0.12275 0.52962 0.29441 -0.26223 0.020458 -0.53664 0.72585 -0.73217 0.093156 0.37295 -0.83403 -0.15919 0.58306 0.58529 0.33773 0.41466 0.087337 -0.077172 -0.25082 -0.79693 0.8346 -0.54909 0.37626 0.27089 -0.31047 -0.366 -0.82611 -0.097494 0.76654 -0.090151 0.65146 -0.34586 0.31674 -0.76497 0.19222 0.05807 0.095801 0.73934 0.43616 -0.12613 0.27815 0.10861 -0.61218 -0.31435 0.38585 -0.10665 0.22731 -0.19867 0.33869 -0.55096 -0.63239 -0.18158 0.26253 -0.65837 0.010008 -0.20014 -0.26096 -0.57584 -0.28916 -0.7787 0.47109 -0.52237 0.066191 -0.4062 0.4708 0.21959 0.32128 0.047053 0.52699 0.17825 0.21651 0.32243 0.17764 -0.21038 0.30841 0.13228 -0.49583 0.0097719 0.021999 -0.14122 -0.65365 -0.48782 0.091009 -0.22895 -0.12602 0.17905 -0.0014328 0.43616 -0.11805 0.10718 0.037916 -0.058453 -0.036579 -0.39525 -0.06392 0.063138 0.40388 0.41137 0.058384 -0.096616 -0.29888 -0.4064 0.73755 0.2341 -0.14494 -0.32355 0.91104 -0.47885 0.017341 -0.28446 -0.16515 -0.11888 -0.1712 -0.24658 -0.41027 -0.71934 0.82614 -0.33341 0.1056 0.34323 -0.025877 -0.54402 0.31923 0.15684 0.054094 0.076131 0.1061 0.23476 -0.81443 -0.53865 0.53474 0.37526 -0.40386 -0.76015 -0.70657 0.46419 0.29832 -0.12613 0.10718 -0.72571 -0.35251 0.69829 0.18166 -0.049205 0.48819 0.062298 0.26283 0.030755 -0.64235 -0.62244 0.40477 0.04353 0.22097 0.3417 -0.087254 -0.3581 -0.39377 -0.32411 -0.59983 -0.063304 -0.13597 0.66413 -0.027051 -0.31947 -0.12025 0.083586 -0.32469 -0.55038 -0.50529 0.16001 0.0030464 -0.88825 0.62057 0.14736 -0.067634 0.37309 0.62605 0.33228 0.11415 -0.27236 -0.51113 0.37558 0.3176 0.52941 -0.18098 -0.28359 -0.0768 0.27815 0.037916 -0.35251 -0.56312 0.12707 -0.32313 0.32983 -0.011541 -0.045194 -0.30336 0.14318 0.6801 0.51818 0.071064 -0.26014 -0.081497 0.13406 0.016866 -0.43321 -0.10466 -0.56175 -0.30796 -0.72488 0.67469 0.38039 -0.08899 0.61427 0.10902 0.2031 -0.76816 -0.29876 0.37398 0.70804 -0.085186 0.1414 0.16523 -0.56151 -0.32268 0.36134 -0.39439 0.43054 -0.53529 -0.17834 0.45506 0.11222 -0.035985 0.99537 -0.22972 -0.18973 0.27134 0.10861 -0.058453 0.69829 0.12707 -0.68056 0.38268 0.56234 0.50114 -0.23449 0.041948 -0.55936 0.52179 0.061829 0.24128 0.4075 -0.70114 -0.76409 0.39936 0.80573 0.45647 -0.079299 -0.21785 0.0055688 0.28627 -0.018463 -0.32799 0.13997 -0.11201 -0.29855 0.033619 0.21716 0.57658 -0.34055 0.67836 0.19153 -0.26886 -0.39654 0.035506 -0.2302 -0.13799 -0.018351 -0.72611 0.050588 0.12428 0.021154 -0.13657 -0.4819 -0.44773 0.33002 0.16818 -0.61218 -0.036579 0.18166 -0.32313 0.38268 0.041393 -0.56633 -0.76448 -0.25062 0.43577 0.34143 0.70678 0.26987 0.1718 0.26837 0.27545 -0.38731 -0.30433 -0.15846 -0.0026513 -0.23241 -0.29402 -0.46866 0.45602 -0.45801 -0.14574 0.07132 -0.45222 -0.058761 0.073554 -0.0064245 -0.77897 0.15105 -0.17468 -0.050363 -0.26769 -0.60191 0.18587 0.018262 0.1511 0.2342 -0.093499 0.44072 0.12234 -0.18671 -0.48259 0.58816 0.046188 0.030339 -0.10371 -0.31435 -0.39525 -0.049205 0.32983 0.56234 -0.56633 0.70908 0.12511 -0.59791 0.63897 -0.077422 0.18554 -0.61978 0.233 -0.042569 0.4188 -0.0787 0.12293 -0.027051 -0.66045 0.22116 -0.53742 -0.98515 0.73328 0.80332 -0.2673 0.3718 -0.26102 -0.85461 -0.77077 0.44152 0.25864 -0.049898 0.23394 0.32484 -0.29025 -0.67052 0.70976 0.10684 0.10494 -0.26802 0.084268 0.59255 -0.57668 -0.35449 -0.20115 0.4363 0.23315 -0.22438 -0.19613 0.38585 -0.06392 0.48819 -0.011541 0.50114 -0.76448 0.12511 0.21793 0.42366 -0.76442 0.11764 -0.57395 -0.55307 0.12499 0.69375 0.2706 -0.39132 0.19508 0.15234 -0.24822 0.34309 -0.11097 0.93275 0.041963 -0.013053 0.21856 -0.15699 -0.55511 0.055203 -0.24933 0.2221 0.32539 0.15715 -0.079592 0.099456 -0.19499 0.34895 0.4018 -0.084698 0.58035 0.35722 0.025879 -0.046371 0.18125 0.069065 0.3393 -0.065737 -0.047264 0.22217 -0.17379 -0.10665 0.063138 0.062298 -0.045194 -0.23449 -0.25062 -0.59791 0.42366 -0.99285 -0.38631 0.01019 0.23363 -0.45162 0.45678 -0.11614 0.084516 -0.4664 0.66397 -0.017132 0.53985 -0.52419 -0.8522 0.73104 0.30756 -0.18936 0.51108 -0.16756 0.13579 0.69327 -0.29869 0.15193 0.55114 0.22698 0.48536 0.15527 -0.067193 -0.76455 -0.49179 0.50896 0.10511 0.81096 -0.53956 0.47274 0.0037695 0.81404 -0.22297 0.25824 0.44627 -0.5859 0.56048 0.22731 0.40388 0.26283 -0.30336 0.041948 0.43577 0.63897 -0.76442 -0.38631 0.03952 -0.30884 -0.17617 0.39932 0.27426 0.73882 0.49398 -0.30744 -0.33427 -0.12814 -0.95239 0.18498 -0.09318 0.67439 -0.29526 -0.71127 -0.79468 -0.32954 -0.54468 0.51022 -0.33875 0.16859 -0.21069 -0.36773 0.43161 -0.23567 -0.77281 0.078797 0.095951 -0.67839 0.57591 0.93945 0.55353 0.048511 0.021088 0.062633 0.50679 0.042362 -0.73192 -0.36048 0.60485 -0.19867 0.41137 0.030755 0.14318 -0.55936 0.34143 -0.077422 0.11764 0.01019 -0.30884 0.63123 0.28857 -0.10505 -0.1236 0.70955 -0.92555 -0.031074 0.22061 -0.098051 -0.28796 0.5525 0.37777 0.13866 -0.66752 -0.61278 -0.0348 -0.59023 0.16564 -0.0045303 -0.40466 0.50846 -0.014824 -0.38242 -0.038336 0.50784 0.27969 -0.2835 0.58579 -0.15324 -0.11714 -0.62487 0.47743 -0.88766 0.0017292 -0.25385 -0.14179 -0.16276 -0.68737 0.35039 -0.57345 0.33869 0.058384 -0.64235 0.6801 0.52179 0.70678 0.18554 -0.57395 0.23363 -0.17617 0.28857 -0.36535 0.89136 -0.053626 0.051992 -0.37177 -0.48758 -0.36679 -0.2245 -0.010889 0.039442 0.58295 0.47909 -0.43805 -0.14997 -0.67415 -0.59612 0.47 -0.2159 0.69332 -0.33637 0.39747 0.55429 -0.64569 -0.53252 -0.48546 0.21833 0.42233 0.45323 -0.37365 0.67899 -0.18139 0.36053 -0.062716 0.47176 0.20778 -0.42125 -0.20207 -0.41504 -0.44112 -0.55096 -0.096616 -0.62244 0.51818 0.061829 0.26987 -0.61978 -0.55307 -0.45162 0.39932 -0.10505 0.89136 0.81785 0.42352 0.8329 -0.13148 -0.25052 -0.62169 0.53896 0.076193 0.056188 -0.1364 -0.91028 -0.016078 -0.74687 -0.53802 -0.19565 0.57704 0.17481 -0.18575 0.76544 0.10393 0.64489 0.083447 0.34803 0.33396 -0.13723 -0.21232 0.64248 0.1711 -0.18737 0.07929 0.22534 -0.083423 -0.32299 0.40744 0.64221 0.53454 0.16167 0.12275 -0.63239 -0.29888 0.40477 0.071064 0.24128 0.1718 0.233 0.12499 0.45678 0.27426 -0.1236 -0.053626 0.42352 -0.85689 -0.72086 0.16252 0.044134 -0.39707 -0.6602 -0.39394 0.28383 -0.074283 0.065817 0.75909 0.39178 -0.099683 0.48198 -0.1195 0.16098 -0.69361 -0.33164 0.66118 -0.33417 0.21102 0.4706 -0.25103 0.49517 -0.19549 0.16304 0.019109 0.28273 0.0093296 -0.88359 0.25998 0.066688 -0.0075076 0.88334 0.21022 -0.16491 0.52962 -0.18158 -0.4064 0.04353 -0.26014 0.4075 0.26837 -0.042569 0.69375 -0.11614 0.73882 0.70955 0.051992 0.8329 -0.72086 -0.94902 -0.26795 0.013719 -0.45373 0.058614 0.10302 0.09621 0.1415 0.19595 -0.50458 0.12504 -0.59741 -0.35206 0.30459 0.28547 0.40435 -0.81784 -0.35553 0.2323 0.23458 -0.67307 0.31801 -0.60045 -0.58266 0.19093 0.20895 0.030175 -0.70376 0.63959 -0.47988 0.37953 0.20555 -0.12129 0.36574 0.24405 0.29441 0.26253 0.73755 0.22097 -0.081497 -0.70114 0.27545 0.4188 0.2706 0.084516 0.49398 -0.92555 -0.37177 -0.13148 0.16252 -0.26795 0.16235 -0.38717 0.22682 -0.35674 0.023504 0.73582 0.30602 -0.34303 0.28137 -0.14832 0.77127 0.099444 0.44616 0.83172 0.25105 -0.43759 0.49184 -0.19911 -0.61078 0.37607 -0.0025226 -0.41703 0.11949 -0.18315 0.080844 0.40199 -0.50237 -0.33056 0.95723 -0.38918 -0.55464 -0.164 0.32109 -0.34174 -0.26223 -0.65837 0.2341 0.3417 0.13406 -0.76409 -0.38731 -0.0787 -0.39132 -0.4664 -0.30744 -0.031074 -0.48758 -0.25052 0.044134 0.013719 -0.38717 0.53567 0.8955 -0.25812 -0.27744 -0.57259 -0.096335 -0.50428 -0.27634 -0.39394 0.14703 0.41883 0.090033 -0.08213 0.46399 0.36196 -0.5483 0.7696 0.11867 0.74461 0.18653 0.23814 0.31455 0.46648 -0.017442 -0.069183 0.43327 0.88019 0.00735 -0.30255 -0.79815 0.14331 -0.18644 0.4367 0.020458 0.010008 -0.14494 -0.087254 0.016866 0.39936 -0.30433 0.12293 0.19508 0.66397 -0.33427 0.22061 -0.36679 -0.62169 -0.39707 -0.45373 0.22682 0.8955 0.78581 0.37549 0.31545 0.23946 -0.48219 -0.36131 0.41512 0.59846 -0.66234 -0.42656 -0.40272 -0.24051 0.07694 0.34591 -0.25074 -0.11902 -0.027994 0.46971 0.074522 -0.86464 -0.082708 -0.54191 -0.48436 0.06437 0.17893 0.43625 0.44833 -0.37793 -0.086948 -0.1616 -0.42727 -0.39232 -0.53664 -0.20014 -0.32355 -0.3581 -0.43321 0.80573 -0.15846 -0.027051 0.15234 -0.017132 -0.12814 -0.098051 -0.2245 0.53896 -0.6602 0.058614 -0.35674 -0.25812 0.37549 -0.38345 -0.34339 0.52357 -0.21676 -0.47275 0.24139 0.3088 -0.9414 -0.088908 0.32209 -0.12762 -0.094319 0.061252 -0.49283 0.58811 -0.02167 -0.5611 -0.48657 -0.006938 0.0087287 0.5484 -0.17053 0.3529 0.62857 0.21708 -0.34904 -0.56587 0.18461 -0.37609 0.51818 0.038402 0.72585 -0.26096 0.91104 -0.39377 -0.10466 0.45647 -0.0026513 -0.66045 -0.24822 0.53985 -0.95239 -0.28796 -0.010889 0.076193 -0.39394 0.10302 0.023504 -0.27744 0.31545 -0.34339 0.35495 0.50809 -0.60536 -0.17641 -0.74848 -0.58067 0.31378 0.24587 0.61419 -0.060341 0.81798 -0.42992 0.078697 -0.14987 0.70353 -0.58909 0.83405 0.49723 0.25317 -0.14191 0.58043 -0.15099 0.073857 -0.056237 -0.444 0.5473 0.36118 -0.24371 -0.52418 0.4158 -0.73217 -0.57584 -0.47885 -0.32411 -0.56175 -0.079299 -0.23241 0.22116 0.34309 -0.52419 0.18498 0.5525 0.039442 0.056188 0.28383 0.09621 0.73582 -0.57259 0.23946 0.52357 0.50809 -0.08399 -0.18737 -0.20264 0.20488 0.11759 0.038449 -0.14973 0.59523 -0.12633 0.31438 -0.031988 -0.16919 -0.17095 -0.41804 0.70892 0.057874 -0.52986 0.29379 0.05795 0.44437 -0.13778 0.031061 -0.17138 0.45946 -0.40874 -0.07884 -0.45462 -0.016089 0.11427 0.093156 -0.28916 0.017341 -0.59983 -0.30796 -0.21785 -0.29402 -0.53742 -0.11097 -0.8522 -0.09318 0.37777 0.58295 -0.1364 -0.074283 0.1415 0.30602 -0.096335 -0.48219 -0.21676 -0.60536 -0.18737 -0.38912 0.47392 0.061151 0.40715 -0.077972 0.0095693 -0.33366 -0.056813 -0.45116 -0.25814 -0.28385 -0.047552 -0.27178 -0.39846 0.7599 0.62694 0.4558 -0.067229 -0.41232 0.089044 -0.28169 -0.20737 0.55725 0.47975 0.08883 -0.21003 -0.26484 0.60037 0.37295 -0.7787 -0.28446 -0.063304 -0.72488 0.0055688 -0.46866 -0.98515 0.93275 0.73104 0.67439 0.13866 0.47909 -0.91028 0.065817 0.19595 -0.34303 -0.50428 -0.36131 -0.47275 -0.17641 -0.20264 0.47392 0.34934 0.74091 -0.50622 0.13784 -0.12402 -0.062325 -0.56519 0.24704 -0.0057895 -0.1787 -0.017551 -0.93068 -0.10307 -0.04035 -0.60317 0.18536 0.39294 0.28936 -0.22917 -0.44375 -0.21841 -0.87199 0.089643 -0.087155 0.041318 0.62438 0.092192 -0.83403 0.47109 -0.16515 -0.13597 0.67469 0.28627 0.45602 0.73328 0.041963 0.30756 -0.29526 -0.66752 -0.43805 -0.016078 0.75909 -0.50458 0.28137 -0.27634 0.41512 0.24139 -0.74848 0.20488 0.061151 0.74091 0.69856 -0.25 -0.16959 0.28862 0.66032 -0.79604 -0.35436 -0.0092853 0.35482 -0.52205 0.23711 0.71276 -0.1041 0.53491 -0.039834 -0.0062565 -0.39608 -0.076424 0.65345 0.33734 -0.55386 0.49402 -0.32544 0.80175 -0.14962 0.70271 -0.15919 -0.52237 -0.11888 0.66413 0.38039 -0.018463 -0.45801 0.80332 -0.013053 -0.18936 -0.71127 -0.61278 -0.14997 -0.74687 0.39178 0.12504 -0.14832 -0.39394 0.59846 0.3088 -0.58067 0.11759 0.40715 -0.50622 -0.25 -0.40037 0.52391 -0.44954 0.17475 0.16492 0.16329 -0.10472 -0.28284 0.041242 0.11677 -0.11337 0.28652 0.43245 -0.61065 0.44487 0.071655 -0.11433 -0.35984 -0.32313 -0.05036 -0.22855 -0.11174 -0.065178 0.17 -0.011366 0.58306 0.066191 -0.1712 -0.027051 -0.08899 -0.32799 -0.14574 -0.2673 0.21856 0.51108 -0.79468 -0.0348 -0.67415 -0.53802 -0.099683 -0.59741 0.77127 0.14703 -0.66234 -0.9414 0.31378 0.038449 -0.077972 0.13784 -0.16959 0.52391 0.65793 -0.48139 0.76459 -0.28298 0.47498 0.0094441 0.22821 -0.028067 -0.0053694 0.53737 -0.03606 0.35665 -0.69625 0.3206 0.2875 -0.069322 0.044864 0.013019 -0.19263 -0.38936 -0.64787 0.31031 -0.35833 0.36621 0.58529 -0.4062 -0.24658 -0.31947 0.61427 0.13997 0.07132 0.3718 -0.15699 -0.16756 -0.32954 -0.59023 -0.59612 -0.19565 0.48198 -0.35206 0.099444 0.41883 -0.42656 -0.088908 0.24587 -0.14973 0.0095693 -0.12402 0.28862 -0.44954 -0.48139 -0.73957 0.34206 -0.34811 -0.40078 0.77101 0.27872 -0.78889 -0.32955 -0.15922 0.074377 0.10637 -0.66048 0.2776 0.030088 0.44738 -0.04774 -0.21606 -0.090528 -0.34361 0.50029 -0.51837 -0.44761 -0.9453 0.33773 0.4708 -0.41027 -0.12025 0.10902 -0.11201 -0.45222 -0.26102 -0.55511 0.13579 -0.54468 0.16564 0.47 0.57704 -0.1195 0.30459 0.44616 0.090033 -0.40272 0.32209 0.61419 0.59523 -0.33366 -0.062325 0.66032 0.17475 0.76459 0.34206 -0.4542 0.27907 0.021473 -0.69601 -0.13413 -0.59236 0.033886 0.22396 0.26489 0.081294 0.44394 0.038149 0.18131 -0.060872 0.68028 -0.55426 -0.27189 0.37749 -0.33339 -0.19963 0.023089 0.11777 0.41466 0.21959 -0.71934 0.083586 0.2031 -0.29855 -0.058761 -0.85461 0.055203 0.69327 0.51022 -0.0045303 -0.2159 0.17481 0.16098 0.28547 0.83172 -0.08213 -0.24051 -0.12762 -0.060341 -0.12633 -0.056813 -0.56519 -0.79604 0.16492 -0.28298 -0.34811 0.27907 0.44304 0.46077 -0.02304 0.29794 0.40499 -0.54092 0.093871 -0.0049802 -0.4497 0.45071 -0.37485 -0.64515 0.23 0.03858 0.87418 -0.42153 0.13698 0.77035 -0.15137 -0.15235 -0.18645 0.087337 0.32128 0.82614 -0.32469 -0.76816 0.033619 0.073554 -0.77077 -0.24933 -0.29869 -0.33875 -0.40466 0.69332 -0.18575 -0.69361 0.40435 0.25105 0.46399 0.07694 -0.094319 0.81798 0.31438 -0.45116 0.24704 -0.35436 0.16329 0.47498 -0.40078 0.021473 0.46077 -0.35023 0.35897 0.1865 -0.032234 0.65005 0.16825 -0.10649 0.30614 0.43034 0.17356 -0.093339 0.033571 0.1777 0.34708 0.071039 0.51205 -0.62944 -0.20957 -0.44731 -0.32983 -0.077172 0.047053 -0.33341 -0.55038 -0.29876 0.21716 -0.0064245 0.44152 0.2221 0.15193 0.16859 0.50846 -0.33637 0.76544 -0.33164 -0.81784 -0.43759 0.36196 0.34591 0.061252 -0.42992 -0.031988 -0.25814 -0.0057895 -0.0092853 -0.10472 0.0094441 0.77101 -0.69601 -0.02304 0.35897 0.88364 0.1195 0.57509 -0.046183 -0.50845 -0.19017 0.54649 -0.30739 -0.35172 -0.10484 -0.013008 -0.15766 -0.26898 0.38149 0.29455 0.38774 -0.24971 0.13347 -0.54639 -0.25082 0.52699 0.1056 -0.50529 0.37398 0.57658 -0.77897 0.25864 0.32539 0.55114 -0.21069 -0.014824 0.39747 0.10393 0.66118 -0.35553 0.49184 -0.5483 -0.25074 -0.49283 0.078697 -0.16919 -0.28385 -0.1787 0.35482 -0.28284 0.22821 0.27872 -0.13413 0.29794 0.1865 0.1195 -0.28531 -0.22313 -0.1145 0.43619 0.71409 -0.25768 -0.027994 0.36077 0.03351 -0.21095 0.33543 -0.10472 0.17747 -0.87002 0.11344 0.041439 -0.69904 0.38533 -0.79693 0.17825 0.34323 0.16001 0.70804 -0.34055 0.15105 -0.049898 0.15715 0.22698 -0.36773 -0.38242 0.55429 0.64489 -0.33417 0.2323 -0.19911 0.7696 -0.11902 0.58811 -0.14987 -0.17095 -0.047552 -0.017551 -0.52205 0.041242 -0.028067 -0.78889 -0.59236 0.40499 -0.032234 0.57509 -0.22313 0.7609 -0.26479 0.56987 -0.21662 -0.24907 0.23456 -0.17193 -0.24895 0.5899 0.75297 -0.84852 -0.82976 -0.50228 0.26401 -0.34071 -0.0027893 -0.28177 0.8346 0.21651 -0.025877 0.0030464 -0.085186 0.67836 -0.17468 0.23394 -0.079592 0.48536 0.43161 -0.038336 -0.64569 0.083447 0.21102 0.23458 -0.61078 0.11867 -0.027994 -0.02167 0.70353 -0.41804 -0.27178 -0.93068 0.23711 0.11677 -0.0053694 -0.32955 0.033886 -0.54092 0.65005 -0.046183 -0.1145 -0.26479 0.32837 -0.1852 -0.37643 0.22454 -0.092604 -0.038448 0.038163 0.16273 0.67352 0.46933 -0.03342 0.68389 -0.053322 0.85256 0.38942 0.77555 -0.54909 0.32243 -0.54402 -0.88825 0.1414 0.19153 -0.050363 0.32484 0.099456 0.15527 -0.23567 0.50784 -0.53252 0.34803 0.4706 -0.67307 0.37607 0.74461 0.46971 -0.5611 -0.58909 0.70892 -0.39846 -0.10307 0.71276 -0.11337 0.53737 -0.15922 0.22396 0.093871 0.16825 -0.50845 0.43619 0.56987 -0.1852 0.36473 0.054236 0.36318 0.45105 -0.083875 -0.055228 0.010385 0.68608 0.17415 -0.28755 0.84161 -0.10723 0.28909 0.22851 0.41826 0.37626 0.17764 0.31923 0.62057 0.16523 -0.26886 -0.26769 -0.29025 -0.19499 -0.067193 -0.77281 0.27969 -0.48546 0.33396 -0.25103 0.31801 -0.0025226 0.18653 0.074522 -0.48657 0.83405 0.057874 0.7599 -0.04035 -0.1041 0.28652 -0.03606 0.074377 0.26489 -0.0049802 -0.10649 -0.19017 0.71409 -0.21662 -0.37643 0.054236 -0.61396 0.25675 0.11863 -0.48777 -0.47567 0.40644 -0.28981 0.62646 0.35541 -0.065577 -0.50382 0.79966 -0.55473 -0.62214 0.27089 -0.21038 0.15684 0.14736 -0.56151 -0.39654 -0.60191 -0.67052 0.34895 -0.76455 0.078797 -0.2835 0.21833 -0.13723 0.49517 -0.60045 -0.41703 0.23814 -0.86464 -0.006938 0.49723 -0.52986 0.62694 -0.60317 0.53491 0.43245 0.35665 0.10637 0.081294 -0.4497 0.30614 0.54649 -0.25768 -0.24907 0.22454 0.36318 0.25675 -0.061556 0.10183 -0.31022 0.2193 0.47353 0.75318 0.56067 -0.022799 -0.24645 -0.094185 -0.10997 -0.0059089 -0.67414 -0.31047 0.30841 0.054094 -0.067634 -0.32268 0.035506 0.18587 0.70976 0.4018 -0.49179 0.095951 0.58579 0.42233 -0.21232 -0.19549 -0.58266 0.11949 0.31455 -0.082708 0.0087287 0.25317 0.29379 0.4558 0.18536 -0.039834 -0.61065 -0.69625 -0.66048 0.44394 0.45071 0.43034 -0.30739 -0.027994 0.23456 -0.092604 0.45105 0.11863 0.10183 -0.69699 -0.65344 0.062694 -0.4799 0.28133 -0.37457 -0.1183 -0.79713 0.49528 -0.093083 0.28747 -0.93671 -0.366 0.13228 0.076131 0.37309 0.36134 -0.2302 0.018262 0.10684 -0.084698 0.50896 -0.67839 -0.15324 0.45323 0.64248 0.16304 0.19093 -0.18315 0.46648 -0.54191 0.5484 -0.14191 0.05795 -0.067229 0.39294 -0.0062565 0.44487 0.3206 0.2776 0.038149 -0.37485 0.17356 -0.35172 0.36077 -0.17193 -0.038448 -0.083875 -0.48777 -0.31022 -0.65344 0.16133 0.087447 0.64535 0.63804 -0.69395 0.0059393 -0.0050134 0.094147 -0.25132 -0.57245 -0.069478 -0.82611 -0.49583 0.1061 0.62605 -0.39439 -0.13799 0.1511 0.10494 0.58035 0.10511 0.57591 -0.11714 -0.37365 0.1711 0.019109 0.20895 0.080844 -0.017442 -0.48436 -0.17053 0.58043 0.44437 -0.41232 0.28936 -0.39608 0.071655 0.2875 0.030088 0.18131 -0.64515 -0.093339 -0.10484 0.03351 -0.24895 0.038163 -0.055228 -0.47567 0.2193 0.062694 0.087447 0.96846 -0.65427 0.13051 0.31208 0.70548 0.31676 0.020162 -0.79062 -0.12061 0.27342 -0.097494 0.0097719 0.23476 0.33228 0.43054 -0.018351 0.2342 -0.26802 0.35722 0.81096 0.93945 -0.62487 0.67899 -0.18737 0.28273 0.030175 0.40199 -0.069183 0.06437 0.3529 -0.15099 -0.13778 0.089044 -0.22917 -0.076424 -0.11433 -0.069322 0.44738 -0.060872 0.23 0.033571 -0.013008 -0.21095 0.5899 0.16273 0.010385 0.40644 0.47353 -0.4799 0.64535 -0.65427 0.71306 0.62982 0.33899 -0.15328 -0.1551 -0.32243 0.011654 -0.019039 -0.0321 0.76654 0.021999 -0.81443 0.11415 -0.53529 -0.72611 -0.093499 0.084268 0.025879 -0.53956 0.55353 0.47743 -0.18139 0.07929 0.0093296 -0.70376 -0.50237 0.43327 0.17893 0.62857 0.073857 0.031061 -0.28169 -0.44375 0.65345 -0.35984 0.044864 -0.04774 0.68028 0.03858 0.1777 -0.15766 0.33543 0.75297 0.67352 0.68608 -0.28981 0.75318 0.28133 0.63804 0.13051 0.62982 -0.16408 0.19815 0.42421 0.5741 -0.81851 -0.050208 -0.0796 0.19727 -0.090151 -0.14122 -0.53865 -0.27236 -0.17834 0.050588 0.44072 0.59255 -0.046371 0.47274 0.048511 -0.88766 0.36053 0.22534 -0.88359 0.63959 -0.33056 0.88019 0.43625 0.21708 -0.056237 -0.17138 -0.20737 -0.21841 0.33734 -0.32313 0.013019 -0.21606 -0.55426 0.87418 0.34708 -0.26898 -0.10472 -0.84852 0.46933 0.17415 0.62646 0.56067 -0.37457 -0.69395 0.31208 0.33899 0.19815 0.25639 0.016053 -0.26752 -0.66689 -0.25867 0.47038 0.24955 0.65146 -0.65365 0.53474 -0.51113 0.45506 0.12428 0.12234 -0.57668 0.18125 0.0037695 0.021088 0.0017292 -0.062716 -0.083423 0.25998 -0.47988 0.95723 0.00735 0.44833 -0.34904 -0.444 0.45946 0.55725 -0.87199 -0.55386 -0.05036 -0.19263 -0.090528 -0.27189 -0.42153 0.071039 0.38149 0.17747 -0.82976 -0.03342 -0.28755 0.35541 -0.022799 -0.1183 0.0059393 0.70548 -0.15328 0.42421 0.016053 0.7202
cons 1
1 0 0 0 0 0 0 0 0 0 0 0 0 0 0 0 0 0 0 0 0 0 0 0 0 0 0 0 0 0 0 0 0 0 0 0 0 0 0 0 0 0 0 0 0 0 0 0 0 0 0 1 0 0 0 0 0 0 0 0 0 0 0 0 0 0 0 0 0 0 0 0 0 0 0 0 0 0 0 0 0 0 0 0 0 0 0 0 0 0 0 0 0 0 0 0 0 0 0 0 0 0 1 0 0 0 0 0 0 0 0 0 0 0 0 0 0 0 0 0 0 0 0 0 0 0 0 0 0 0 0 0 0 0 0 0 0 0 0 0 0 0 0 0 0 0 0 0 0 0 0 0 0 1 0 0 0 0 0 0 0 0 0 0 0 0 0 0 0 0 0 0 0 0 0 0 0 0 0 0 0 0 0 0 0 0 0 0 0 0 0 0 0 0 0 0 0 0 0 0 0 0 0 0 1 0 0 0 0 0 0 0 0 0 0 0 0 0 0 0 0 0 0 0 0 0 0 0 0 0 0 0 0 0 0 0 0 0 0 0 0 0 0 0 0 0 0 0 0 0 0 0 0 0 0 1 0 0 0 0 0 0 0 0 0 0 0 0 0 0 0 0 0 0 0 0 0 0 0 0 0 0 0 0 0 0 0 0 0 0 0 0 0 0 0 0 0 0 0 0 0 0 0 0 0 0 1 0 0 0 0 0 0 0 0 0 0 0 0 0 0 0 0 0 0 0 0 0 0 0 0 0 0 0 0 0 0 0 0 0 0 0 0 0 0 0 0 0 0 0 0 0 0 0 0 0 0 1 0 0 0 0 0 0 0 0 0 0 0 0 0 0 0 0 0 0 0 0 0 0 0 0 0 0 0 0 0 0 0 0 0 0 0 0 0 0 0 0 0 0 0 0 0 0 0 0 0 0 1 0 0 0 0 0 0 0 0 0 0 0 0 0 0 0 0 0 0 0 0 0 0 0 0 0 0 0 0 0 0 0 0 0 0 0 0 0 0 0 0 0 0 0 0 0 0 0 0 0 0 1 0 0 0 0 0 0 0 0 0 0 0 0 0 0 0 0 0 0 0 0 0 0 0 0 0 0 0 0 0 0 0 0 0 0 0 0 0 0 0 0 0 0 0 0 0 0 0 0 0 0 1 0 0 0 0 0 0 0 0 0 0 0 0 0 0 0 0 0 0 0 0 0 0 0 0 0 0 0 0 0 0 0 0 0 0 0 0 0 0 0 0 0 0 0 0 0 0 0 0 0 0 1 0 0 0 0 0 0 0 0 0 0 0 0 0 0 0 0 0 0 0 0 0 0 0 0 0 0 0 0 0 0 0 0 0 0 0 0 0 0 0 0 0 0 0 0 0 0 0 0 0 0 1 0 0 0 0 0 0 0 0 0 0 0 0 0 0 0 0 0 0 0 0 0 0 0 0 0 0 0 0 0 0 0 0 0 0 0 0 0 0 0 0 0 0 0 0 0 0 0 0 0 0 1 0 0 0 0 0 0 0 0 0 0 0 0 0 0 0 0 0 0 0 0 0 0 0 0 0 0 0 0 0 0 0 0 0 0 0 0 0 0 0 0 0 0 0 0 0 0 0 0 0 0 1 0 0 0 0 0 0 0 0 0 0 0 0 0 0 0 0 0 0 0 0 0 0 0 0 0 0 0 0 0 0 0 0 0 0 0 0 0 0 0 0 0 0 0 0 0 0 0 0 0 0 1 0 0 0 0 0 0 0 0 0 0 0 0 0 0 0 0 0 0 0 0 0 0 0 0 0 0 0 0 0 0 0 0 0 0 0 0 0 0 0 0 0 0 0 0 0 0 0 0 0 0 1 0 0 0 0 0 0 0 0 0 0 0 0 0 0 0 0 0 0 0 0 0 0 0 0 0 0 0 0 0 0 0 0 0 0 0 0 0 0 0 0 0 0 0 0 0 0 0 0 0 0 1 0 0 0 0 0 0 0 0 0 0 0 0 0 0 0 0 0 0 0 0 0 0 0 0 0 0 0 0 0 0 0 0 0 0 0 0 0 0 0 0 0 0 0 0 0 0 0 0 0 0 1 0 0 0 0 0 0 0 0 0 0 0 0 0 0 0 0 0 0 0 0 0 0 0 0 0 0 0 0 0 0 0 0 0 0 0 0 0 0 0 0 0 0 0 0 0 0 0 0 0 0 1 0 0 0 0 0 0 0 0 0 0 0 0 0 0 0 0 0 0 0 0 0 0 0 0 0 0 0 0 0 0 0 0 0 0 0 0 0 0 0 0 0 0 0 0 0 0 0 0 0 0 1 0 0 0 0 0 0 0 0 0 0 0 0 0 0 0 0 0 0 0 0 0 0 0 0 0 0 0 0 0 0 0 0 0 0 0 0 0 0 0 0 0 0 0 0 0 0 0 0 0 0 1 0 0 0 0 0 0 0 0 0 0 0 0 0 0 0 0 0 0 0 0 0 0 0 0 0 0 0 0 0 0 0 0 0 0 0 0 0 0 0 0 0 0 0 0 0 0 0 0 0 0 1 0 0 0 0 0 0 0 0 0 0 0 0 0 0 0 0 0 0 0 0 0 0 0 0 0 0 0 0 0 0 0 0 0 0 0 0 0 0 0 0 0 0 0 0 0 0 0 0 0 0 1 0 0 0 0 0 0 0 0 0 0 0 0 0 0 0 0 0 0 0 0 0 0 0 0 0 0 0 0 0 0 0 0 0 0 0 0 0 0 0 0 0 0 0 0 0 0 0 0 0 0 1 0 0 0 0 0 0 0 0 0 0 0 0 0 0 0 0 0 0 0 0 0 0 0 0 0 0 0 0 0 0 0 0 0 0 0 0 0 0 0 0 0 0 0 0 0 0 0 0 0 0 1 0 0 0 0 0 0 0 0 0 0 0 0 0 0 0 0 0 0 0 0 0 0 0 0 0 0 0 0 0 0 0 0 0 0 0 0 0 0 0 0 0 0 0 0 0 0 0 0 0 0 1 0 0 0 0 0 0 0 0 0 0 0 0 0 0 0 0 0 0 0 0 0 0 0 0 0 0 0 0 0 0 0 0 0 0 0 0 0 0 0 0 0 0 0 0 0 0 0 0 0 0 1 0 0 0 0 0 0 0 0 0 0 0 0 0 0 0 0 0 0 0 0 0 0 0 0 0 0 0 0 0 0 0 0 0 0 0 0 0 0 0 0 0 0 0 0 0 0 0 0 0 0 1 0 0 0 0 0 0 0 0 0 0 0 0 0 0 0 0 0 0 0 0 0 0 0 0 0 0 0 0 0 0 0 0 0 0 0 0 0 0 0 0 0 0 0 0 0 0 0 0 0 0 1 0 0 0 0 0 0 0 0 0 0 0 0 0 0 0 0 0 0 0 0 0 0 0 0 0 0 0 0 0 0 0 0 0 0 0 0 0 0 0 0 0 0 0 0 0 0 0 0 0 0 1 0 0 0 0 0 0 0 0 0 0 0 0 0 0 0 0 0 0 0 0 0 0 0 0 0 0 0 0 0 0 0 0 0 0 0 0 0 0 0 0 0 0 0 0 0 0 0 0 0 0 1 0 0 0 0 0 0 0 0 0 0 0 0 0 0 0 0 0 0 0 0 0 0 0 0 0 0 0 0 0 0 0 0 0 0 0 0 0 0 0 0 0 0 0 0 0 0 0 0 0 0 1 0 0 0 0 0 0 0 0 0 0 0 0 0 0 0 0 0 0 0 0 0 0 0 0 0 0 0 0 0 0 0 0 0 0 0 0 0 0 0 0 0 0 0 0 0 0 0 0 0 0 1 0 0 0 0 0 0 0 0 0 0 0 0 0 0 0 0 0 0 0 0 0 0 0 0 0 0 0 0 0 0 0 0 0 0 0 0 0 0 0 0 0 0 0 0 0 0 0 0 0 0 1 0 0 0 0 0 0 0 0 0 0 0 0 0 0 0 0 0 0 0 0 0 0 0 0 0 0 0 0 0 0 0 0 0 0 0 0 0 0 0 0 0 0 0 0 0 0 0 0 0 0 1 0 0 0 0 0 0 0 0 0 0 0 0 0 0 0 0 0 0 0 0 0 0 0 0 0 0 0 0 0 0 0 0 0 0 0 0 0 0 0 0 0 0 0 0 0 0 0 0 0 0 1 0 0 0 0 0 0 0 0 0 0 0 0 0 0 0 0 0 0 0 0 0 0 0 0 0 0 0 0 0 0 0 0 0 0 0 0 0 0 0 0 0 0 0 0 0 0 0 0 0 0 1 0 0 0 0 0 0 0 0 0 0 0 0 0 0 0 0 0 0 0 0 0 0 0 0 0 0 0 0 0 0 0 0 0 0 0 0 0 0 0 0 0 0 0 0 0 0 0 0 0 0 1 0 0 0 0 0 0 0 0 0 0 0 0 0 0 0 0 0 0 0 0 0 0 0 0 0 0 0 0 0 0 0 0 0 0 0 0 0 0 0 0 0 0 0 0 0 0 0 0 0 0 1 0 0 0 0 0 0 0 0 0 0 0 0 0 0 0 0 0 0 0 0 0 0 0 0 0 0 0 0 0 0 0 0 0 0 0 0 0 0 0 0 0 0 0 0 0 0 0 0 0 0 1 0 0 0 0 0 0 0 0 0 0 0 0 0 0 0 0 0 0 0 0 0 0 0 0 0 0 0 0 0 0 0 0 0 0 0 0 0 0 0 0 0 0 0 0 0 0 0 0 0 0 1 0 0 0 0 0 0 0 0 0 0 0 0 0 0 0 0 0 0 0 0 0 0 0 0 0 0 0 0 0 0 0 0 0 0 0 0 0 0 0 0 0 0 0 0 0 0 0 0 0 0 1 0 0 0 0 0 0 0 0 0 0 0 0 0 0 0 0 0 0 0 0 0 0 0 0 0 0 0 0 0 0 0 0 0 0 0 0 0 0 0 0 0 0 0 0 0 0 0 0 0 0 1 0 0 0 0 0 0 0 0 0 0 0 0 0 0 0 0 0 0 0 0 0 0 0 0 0 0 0 0 0 0 0 0 0 0 0 0 0 0 0 0 0 0 0 0 0 0 0 0 0 0 1 0 0 0 0 0 0 0 0 0 0 0 0 0 0 0 0 0 0 0 0 0 0 0 0 0 0 0 0 0 0 0 0 0 0 0 0 0 0 0 0 0 0 0 0 0 0 0 0 0 0 1 0 0 0 0 0 0 0 0 0 0 0 0 0 0 0 0 0 0 0 0 0 0 0 0 0 0 0 0 0 0 0 0 0 0 0 0 0 0 0 0 0 0 0 0 0 0 0 0 0 0 1 0 0 0 0 0 0 0 0 0 0 0 0 0 0 0 0 0 0 0 0 0 0 0 0 0 0 0 0 0 0 0 0 0 0 0 0 0 0 0 0 0 0 0 0 0 0 0 0 0 0 1 0 0 0 0 0 0 0 0 0 0 0 0 0 0 0 0 0 0 0 0 0 0 0 0 0 0 0 0 0 0 0 0 0 0 0 0 0 0 0 0 0 0 0 0 0 0 0 0 0 0 1 0 0 0 0 0 0 0 0 0 0 0 0 0 0 0 0 0 0 0 0 0 0 0 0 0 0 0 0 0 0 0 0 0 0 0 0 0 0 0 0 0 0 0 0 0 0 0 0 0 0 1
< 25
