obj 10
0.55573 -0.029949 0.44841 0.63103 0.10435 0.54465 0.31949 0.45828 -0.4579 0.15177 -0.029949 0.54123 -0.59573 -0.824 0.039769 0.24615 -0.28053 -0.68596 0.51451 0.14005 0.44841 -0.59573 0.94782 -0.21874 -0.16948 -0.2142 0.10115 -0.041269 -0.8316 0.19622 0.63103 -0.824 -0.21874 -0.87943 0.34923 0.36959 -0.38307 -0.26724 -0.055154 0.40532 0.10435 0.039769 -0.16948 0.34923 -0.084106 -0.45462 -0.0071505 0.037026 0.30313 -0.95167 0.54465 0.24615 -0.2142 0.36959 -0.45462 -0.20636 0.018217 0.60536 0.3146 0.23455 0.31949 -0.28053 0.10115 -0.38307 -0.0071505 0.018217 0.85109 0.83082 -0.20833 0.13282 0.45828 -0.68596 -0.041269 -0.26724 0.037026 0.60536 0.83082 0.70285 0.0093231 0.17048 -0.4579 0.51451 -0.8316 -0.055154 0.30313 0.3146 -0.20833 0.0093231 -0.57707 -0.32931 0.15177 0.14005 0.19622 0.40532 -0.95167 0.23455 0.13282 0.17048 -0.32931 -0.96298
cons 1
1 0 0 0 0 0 0 0 0 0 0 1 0 0 0 0 0 0 0 0 0 0 1 0 0 0 0 0 0 0 0 0 0 1 0 0 0 0 0 0 0 0 0 0 1 0 0 0 0 0 0 0 0 0 0 1 0 0 0 0 0 0 0 0 0 0 1 0 0 0 0 0 0 0 0 0 0 1 0 0 0 0 0 0 0 0 0 0 1 0 0 0 0 0 0 0 0 0 0 1
< 5